# Cameras (99)
# PhotoID, X, Y, Z, Omega, Phi, Kappa, r11, r12, r13, r21, r22, r23, r31, r32, r33
DJI_0185.JPG	520185.6956148502649739	4668167.5762188276275992	314.6440907997091472	-14.3992851796364363	-32.2986048617264743	-114.3870993406486605	-0.3490134513303410	-0.9370303569318692	0.0127953498825764	0.7698565926405068	-0.2789078905166182	0.5740480950020820	-0.5343317673116890	0.2102010913285275	0.8187216032607563
DJI_0186.JPG	520178.1236864165985025	4668147.2064033411443233	315.0383360690748304	-7.4628195275882359	-34.3545260636669525	-101.8193234041788884	-0.1690966280235467	-0.9855199249476323	0.0125222970049242	0.8080583794998062	-0.1313507073176916	0.5742722760218267	-0.5643119577956978	0.1072262524681125	0.8185685952138837
DJI_0187.JPG	520179.2551511650672182	4668139.5445599108934402	315.3585195409153243	-4.0771967163477711	-34.6654376372174795	-95.6969027373717296	-0.0816449905958709	-0.9965569886503401	0.0144313506909914	0.8184249800430438	-0.0587737027649705	0.5715996885100956	-0.5687834803790838	0.0584792290942783	0.8204057119574408
